https://destinytracker.com/destiny-2/db/items/3037520408-seventh-seraph-officer-revolver?perks=1322370662,1482024992,106909392,4071163871,2779035018,4248210736,2323986101,0,0,2285418970#PvP @shacknews
https://destinytracker.com/destiny-2/db/items/3037520408-seventh-seraph-officer-revolver?perks=1322370662,1482024992,106909392,1354429876,2458213969,4248210736,2323986101,0,0,2285418970#PvE @shacknews
#Palindrome
https://destinytracker.com/destiny-2/db/items/432476743-the-palindrome?perks=1294026524,4090651448,1087426260,3643424744,3425386926,4248210736,2323986101,0,0,2285418970#PvE @fanbyte.com
https://destinytracker.com/destiny-2/db/items/432476743-the-palindrome?perks=1294026524,4090651448,1087426260,1168162263,3425386926,4248210736,2323986101,0,0,2285418970#PvE @fanbyte.com
https://destinytracker.com/destiny-2/db/items/432476743-the-palindrome?perks=1294026524,4090651448,1087426260,1168162263,4049631843,4248210736,2323986101,0,0,2285418970#PvE @fanbyte.com
https://destinytracker.com/destiny-2/db/items/432476743-the-palindrome?perks=1294026524,3250034553,1087426260,3643424744,3425386926,4248210736,2323986101,0,0,2285418970#PvE @fanbyte.com
https://destinytracker.com/destiny-2/db/items/432476743-the-palindrome?perks=1294026524,3250034553,1087426260,1168162263,3425386926,4248210736,2323986101,0,0,2285418970#PvE @fanbyte.com
https://destinytracker.com/destiny-2/db/items/432476743-the-palindrome?perks=1294026524,3250034553,1087426260,1168162263,4049631843,4248210736,2323986101,0,0,2285418970#PvE @fanbyte.com
https://destinytracker.com/destiny-2/db/items/432476743-the-palindrome?perks=1294026524,3250034553,1885400500,706527188,2846385770,4248210736,2323986101,0,0,2285418970#PvP @fanbyte.com
